{"FileFormat":{"Version":"1","Timestamp":"2022-11-08T18:19:28","UnixTime":1667931568},"Device":{"SerialNumber":"1WMHH8648X1203","DeviceType":"Hollywood","BuildType":"EVT2","BuildSubType":""},"Metadata":{"AlgorithmVersion":3,"Source":"Online","Tags":["vega_online_calibration"]},"CameraCalibration":[{"Id":"0","SensorType":"","Shutter":{"Type":"Global"},"ImageSize":[640,480],"DeviceFromCamera":[0.6338148726212582,0.125474617503469,-0.7632396921062585,-0.07149786292652223,0.7052562154504736,-0.49896392393264,0.5036354566372564,0.030754555165336318,-0.31763560539173416,-0.8574911795325365,-0.4047425097655617,-0.06215526592210936,0.0,0.0,0.0,1.0],"Projection":{"Model":"PinholeSymmetric","Coefficients":[242.20742751451039,318.51319377630167,241.13947711038473]},"Distortion":{"Model":"Fisheye62","Coefficients":[-0.025009305155799866,0.09295447289179192,-0.05569840767793695,-0.00037856519443866675,0.0059183191721825629,-0.001049561967386322,-0.00005155755335512564,0.00001536371999331907]}},{"Id":"1","SensorType":"","Shutter":{"Type":"Global"},"ImageSize":[640,480],"DeviceFromCamera":[0.20662358431634188,0.9636615679650827,-0.1693017331020134,-0.047695876639966289,0.7297472915937143,-0.26704698445609989,-0.6294082923703355,-0.03517275985043566,-0.6517480992039069,0.006503116174670531,-0.7584076243446609,-0.06828677991140356,0.0,0.0,0.0,1.0],"Projection":{"Model":"PinholeSymmetric","Coefficients":[241.85893594959496,320.9246645552424,240.58616928243786]},"Distortion":{"Model":"Fisheye62","Coefficients":[-0.026440060297733556,0.10615242753489059,-0.0827545872700942,0.02557327552072848,-0.00572180866006264,0.0009189465372838487,0.0002852192745621149,0.0001376480112361074]}},{"Id":"2","SensorType":"","Shutter":{"Type":"Global"},"ImageSize":[640,480],"DeviceFromCamera":[-0.2069048073447013,0.963680461031452,0.16885013983962209,0.047665301213487599,0.7287371292499911,0.26695460329255096,-0.630616711032461,-0.035437491966015758,-0.652788324918678,-0.007430262924334852,-0.7575039234503946,-0.06758187299216573,0.0,0.0,0.0,1.0],"Projection":{"Model":"PinholeSymmetric","Coefficients":[241.4613130758027,320.0747406446129,238.93928977071409]},"Distortion":{"Model":"Fisheye62","Coefficients":[-0.026618731566195137,0.10560330986805007,-0.08109515327978695,0.02198140174072569,-0.003197050025331285,0.00035531677171002585,0.0005293837299626318,0.00027750695908279003]}},{"Id":"3","SensorType":"","Shutter":{"Type":"Global"},"ImageSize":[640,480],"DeviceFromCamera":[-0.6329968438479621,0.12188108912901363,0.7644998337418029,0.07190497312825264,0.7037551654264049,0.5020573363218845,0.5026600224615317,0.030621114398760239,-0.3225579991477071,0.8562029147101168,-0.40357515536480706,-0.06326315745476612,0.0,0.0,0.0,1.0],"Projection":{"Model":"PinholeSymmetric","Coefficients":[241.50893348911215,322.1747700360682,239.13078288727307]},"Distortion":{"Model":"Fisheye62","Coefficients":[-0.022910631634162998,0.09491618378074302,-0.06485672129164109,0.01104995386125768,0.00012862465143788273,-0.00000604676093245385,0.000059556366205616768,-0.0005216141500882547]}}],"ImuCalibration":{"Id":"","SensorType":"ICM42688","DeviceFromImu":[1.0,0.0,0.0,0.0384,0.0,1.0,0.0,0.0321,0.0,0.0,1.0,-0.0674,0.0,0.0,0.0,1.0],"Accelerometer":{"Model":"Linear","RectificationMatrix":[0.0010603417635004533,0.9996303750950689,-0.014527676883873964,0.99800751539139,-0.0015012670930739118,-0.007795965163506693,-0.008558585292454303,-0.01635994048954267,-0.9993512996665794],"Offset":{"Model":"TemperaturePiecewiseLinear","CoordinateSystem":"Raw","DataDescription":"temperature, offset.x, offset.y, offset.z","TemperatureOffsetPairs":[[22.537065505981447,-0.019453737884759904,-0.040138136595487598,0.025651877745985986],[23.493776321411134,-0.019991599023342134,-0.03766191750764847,0.024520132690668107],[24.482210159301759,-0.020105762407183648,-0.03248262405395508,0.024871675297617914],[25.494665145874025,-0.02073698490858078,-0.024545986205339433,0.0236930251121521],[26.494548797607423,-0.02117658592760563,-0.02018851786851883,0.023032115772366525],[27.473751068115236,-0.02155018225312233,-0.019123993813991548,0.02154875174164772],[28.504213333129884,-0.02173684723675251,-0.018517494201660157,0.019968314096331598],[29.49630355834961,-0.02181912027299404,-0.015422581695020199,0.0205343309789896],[30.500164031982423,-0.022000504657626153,-0.011382234282791615,0.020412951707839967],[31.499177932739259,-0.022214403375983239,-0.009889334440231324,0.02086985670030117],[32.36756134033203,-0.02192697301506996,-0.013620588928461075,0.025358447805047036],[33.50114059448242,-0.01610124111175537,-0.01874830387532711,-0.0008119593840092421],[34.529083251953128,-0.01582847163081169,-0.017441723495721818,0.0018803764833137394],[35.48320007324219,-0.01605120673775673,-0.0139659084379673,0.0018076662672683597],[36.56521224975586,-0.016916649416089059,-0.01135827787220478,-0.0010473151924088598],[37.900691986083987,-0.021097613498568536,-0.019959570840001107,0.0023000305518507959],[38.46084976196289,-0.014095504768192768,-0.014395337551832199,0.01833689771592617],[39.4703369140625,-0.011570250615477562,-0.011864163912832737,0.011879847384989262],[40.52216339111328,-0.0030052096117287876,-0.0005984611343592405,-0.0020795937161892654],[41.63888168334961,-0.01326641347259283,-0.005437314510345459,-0.00045304009108804166],[42.428890228271487,-0.014256104826927185,0.0003286575374659151,0.014829539693892002],[43.549537658691409,-0.014282594434916973,-0.0032733730040490629,-0.00154801644384861],[44.51606750488281,-0.018806947395205499,-0.0012421970022842289,-0.00017278445011470467],[45.50738525390625,-0.0089387446641922,-0.009472114965319634,-0.01899310015141964],[46.381954193115237,-0.001133530167862773,-0.009692882187664509,-0.012115489691495896],[47.119956970214847,-0.006623451132327318,-0.0074803950265049938,0.028925668448209764]]},"DtAccelRef":0.0},"Gyroscope":{"Model":"Linear","RectificationMatrix":[0.005406817239829856,1.0012380010864027,-0.016606191892274147,0.9987002184083774,-0.0001084706868217108,-0.009360784054065775,-0.0071610198990153949,-0.018654656202100884,-1.0006268187346175],"Offset":{"Model":"TemperaturePiecewiseLinear","CoordinateSystem":"Raw","DataDescription":"temperature, offset.x, offset.y, offset.z","TemperatureOffsetPairs":[[22.537065505981447,-0.00686239218339324,-0.026264041662216188,0.006152094341814518],[23.493776321411134,-0.007736447732895613,-0.025996623560786248,0.006432197522372007],[24.482210159301759,-0.008537016808986664,-0.025591908022761346,0.0067919897846877579],[25.494665145874025,-0.009229541756212712,-0.02541748806834221,0.007024688180536032],[26.494548797607423,-0.00977269932627678,-0.025202007964253427,0.007078773807734251],[27.473751068115236,-0.010039030574262143,-0.024892067536711694,0.007306842599064112],[28.504213333129884,-0.010260024107992649,-0.024589717388153077,0.0074409907683730129],[29.49630355834961,-0.010364968329668045,-0.02432117983698845,0.007490874733775854],[30.500164031982423,-0.010470016859471798,-0.02389209344983101,0.007475154008716345],[31.499177932739259,-0.010451698675751686,-0.023624861612915994,0.007494522724300623],[32.36756134033203,-0.01049759704619646,-0.02331860363483429,0.007244094740599394],[33.50114059448242,-0.008008787408471108,-0.02079503796994686,0.006825968157500029],[34.529083251953128,-0.008020204491913319,-0.02053878642618656,0.0066834744065999989],[35.48320007324219,-0.008124247193336487,-0.02038457989692688,0.006570891942828894],[36.56521224975586,-0.008268083445727826,-0.020362960174679757,0.006508998107165098],[37.900691986083987,-0.011491591110825539,-0.023832030594348909,0.006327428389340639],[38.46084976196289,-0.011545486748218537,-0.02421034872531891,0.006969706621021032],[39.4703369140625,-0.011790175922214985,-0.024209504947066308,0.006925707682967186],[40.52216339111328,-0.012160825543105603,-0.02425288036465645,0.00700907688587904],[41.63888168334961,-0.012481407262384892,-0.024344731122255327,0.006714133080095053],[42.428890228271487,-0.012674856930971146,-0.024227816611528398,0.006928985007107258],[43.549537658691409,-0.013076860457658768,-0.024068133905529977,0.006849744822829962],[44.51606750488281,-0.013376534916460514,-0.023752879351377488,0.006905702408403158],[45.50738525390625,-0.01363322138786316,-0.02351253665983677,0.006736616604030132],[46.381954193115237,-0.013910843059420586,-0.023819562047719957,0.006603096146136522],[47.119956970214847,-0.01348727848380804,-0.023223398253321649,0.006377766374498606]]},"DtGyroRef":0.0}}}